9060=3 1 906 10.000000 4 1.000000
1160=10 1 116 10.000000 4 1.000000
1120=6 1 112 10.000000 4 1.000000
1140=6 1 114 10.000000 4 1.000000
1160=6 1 116 10.000000 4 1.000000
1620=6 1 162 10.000000 4 1.000000
1640=6 1 164 10.000000 4 1.000000
1660=6 1 166 10.000000 4 1.000000
2120=6 1 212 10.000000 4 1.000000
2140=6 1 214 10.000000 4 1.000000
2160=6 1 216 10.000000 4 1.000000
2620=6 1 262 10.000000 4 1.000000
2640=6 1 264 10.000000 4 1.000000
2660=6 1 266 10.000000 4 1.000000
3120=6 1 312 10.000000 4 1.000000
3140=6 1 314 10.000000 4 1.000000
3160=6 1 316 10.000000 4 1.000000
3620=6 1 362 10.000000 4 1.000000
3640=6 1 364 10.000000 4 1.000000
3660=6 1 366 10.000000 4 1.000000
4120=6 1 412 10.000000 4 1.000000
4140=6 1 414 10.000000 4 1.000000
4160=6 1 416 10.000000 4 1.000000
4620=6 1 462 10.000000 4 1.000000
4640=6 1 464 10.000000 4 1.000000
4660=6 1 466 10.000000 4 1.000000
5120=6 1 512 10.000000 4 1.000000
5140=6 1 514 10.000000 4 1.000000
5160=6 1 516 10.000000 4 1.000000
5620=6 1 562 10.000000 4 1.000000
5640=6 1 564 10.000000 4 1.000000
5660=6 1 566 10.000000 4 1.000000
6120=6 1 612 10.000000 4 1.000000
6140=6 1 614 10.000000 4 1.000000
6160=6 1 616 10.000000 4 1.000000
6620=6 1 662 10.000000 4 1.000000
6640=6 1 664 10.000000 4 1.000000
6660=6 1 666 10.000000 4 1.000000
7120=6 1 712 10.000000 4 1.000000
7140=6 1 714 10.000000 4 1.000000
7160=6 1 716 10.000000 4 1.000000
7620=6 1 762 10.000000 4 1.000000
7640=6 1 764 10.000000 4 1.000000
7660=6 1 766 10.000000 4 1.000000
8120=6 1 812 10.000000 4 1.000000
8140=6 1 814 10.000000 4 1.000000
8160=6 1 816 10.000000 4 1.000000
8620=6 1 862 10.000000 4 1.000000
8640=6 1 864 10.000000 4 1.000000
8660=6 1 866 10.000000 4 1.000000
1060=6 1 106 10.000000 4 0.001000
1080=6 1 108 10.000000 4 0.001000
1100=6 1 110 10.000000 4 0.001000
1210=6 1 121 10.000000 4 1.000000
1220=6 1 122 10.000000 4 1.000000
1560=6 1 156 10.000000 4 0.001000
1580=6 1 158 10.000000 4 0.001000
1600=6 1 160 10.000000 4 0.001000
1710=6 1 171 10.000000 4 0.001000
1720=6 1 172 10.000000 4 1.000000
2060=6 1 206 10.000000 4 0.001000
2080=6 1 208 10.000000 4 0.001000
2100=6 1 210 10.000000 4 0.001000
2210=6 1 221 10.000000 4 0.001000
2220=6 1 222 10.000000 4 1.000000
2560=6 1 256 10.000000 4 0.001000
2580=6 1 258 10.000000 4 0.001000
2600=6 1 260 10.000000 4 0.001000
2710=6 1 271 10.000000 4 0.001000
2720=6 1 272 10.000000 4 1.000000
3060=6 1 306 10.000000 4 0.001000
3080=6 1 308 10.000000 4 0.001000
3100=6 1 310 10.000000 4 0.001000
3210=6 1 321 10.000000 4 0.001000
3220=6 1 322 10.000000 4 1.000000
3560=6 1 356 10.000000 4 0.001000
3580=6 1 358 10.000000 4 0.001000
3600=6 1 360 10.000000 4 0.001000
3710=6 1 371 10.000000 4 0.001000
3720=6 1 372 10.000000 4 1.000000
4060=6 1 406 10.000000 4 0.001000
4080=6 1 408 10.000000 4 0.001000
4100=6 1 410 10.000000 4 0.001000
4210=6 1 421 10.000000 4 1.000000
4220=6 1 422 10.000000 4 1.000000
4560=6 1 456 10.000000 4 0.001000
4580=6 1 458 10.000000 4 0.001000
4600=6 1 460 10.000000 4 0.001000
4710=6 1 471 10.000000 4 0.001000
4720=6 1 472 10.000000 4 1.000000
5060=6 1 506 10.000000 4 0.001000
5080=6 1 508 10.000000 4 0.001000
5100=6 1 510 10.000000 4 0.001000
5210=6 1 521 10.000000 4 0.001000
5220=6 1 522 10.000000 4 1.000000
5560=6 1 556 10.000000 4 0.001000
5580=6 1 558 10.000000 4 0.001000
5600=6 1 560 10.000000 4 0.001000
5710=6 1 571 10.000000 4 0.001000
5720=6 1 572 10.000000 4 1.000000
6060=6 1 606 10.000000 4 0.001000
6080=6 1 608 10.000000 4 0.001000
6100=6 1 610 10.000000 4 0.001000
6210=6 1 621 10.000000 4 0.001000
6220=6 1 622 10.000000 4 1.000000
6560=6 1 656 10.000000 4 0.001000
6580=6 1 658 10.000000 4 0.001000
6600=6 1 660 10.000000 4 0.001000
6710=6 1 671 10.000000 4 0.001000
6720=6 1 672 10.000000 4 1.000000
7060=6 1 706 10.000000 4 0.001000
7080=6 1 708 10.000000 4 0.001000
7100=6 1 710 10.000000 4 0.001000
7210=6 1 721 10.000000 4 1.000000
7220=6 1 722 10.000000 4 1.000000
7560=6 1 756 10.000000 4 0.001000
7580=6 1 758 10.000000 4 0.001000
7600=6 1 760 10.000000 4 0.001000
7710=6 1 771 10.000000 4 0.001000
7720=6 1 772 10.000000 4 1.000000
8060=6 1 806 10.000000 4 0.001000
8080=6 1 808 10.000000 4 0.001000
8100=6 1 810 10.000000 4 0.001000
8210=6 1 821 10.000000 4 0.001000
8220=6 1 822 10.000000 4 1.000000
8560=6 1 856 10.000000 4 0.001000
8580=6 1 858 10.000000 4 0.001000
8600=6 1 860 10.000000 4 0.001000
8710=6 1 871 10.000000 4 0.001000
8720=6 1 872 10.000000 4 1.000000
8190=6 1 819 10.000000 4 0.001000
8200=6 1 820 10.000000 4 0.001000
8690=6 1 869 10.000000 4 0.001000
8700=6 1 870 10.000000 4 0.001000
1180=6 1 118 10.000000 4 1.000000
1680=6 1 168 10.000000 4 1.000000
2180=6 1 218 10.000000 4 1.000000
2680=6 1 268 10.000000 4 1.000000
3180=6 1 318 10.000000 4 1.000000
3680=6 1 368 10.000000 4 1.000000
4180=6 1 418 10.000000 4 1.000000
4680=6 1 468 10.000000 4 1.000000
5180=6 1 518 10.000000 4 1.000000
5680=6 1 568 10.000000 4 1.000000
6180=6 1 618 10.000000 4 1.000000
6680=6 1 668 10.000000 4 1.000000
7180=6 1 718 10.000000 4 1.000000
7680=6 1 768 10.000000 4 1.000000
8180=6 1 818 10.000000 4 1.000000
8680=6 1 868 10.000000 4 1.000000
1190=6 1 119 10.000000 4 1.000000
1200=6 1 120 10.000000 4 1.000000
1250=1 10 1250
1690=6 1 169 10.000000 4 1.000000
1700=6 1 170 10.000000 2 1.000000
1750=1 10 1750
2190=6 1 219 10.000000 4 1.000000
2200=6 1 220 10.000000 4 1.000000
2250=1 10 225
2690=6 1 269 10.000000 4 1.000000
2700=6 1 270 10.000000 4 1.000000
2750=1 10 2750
3190=6 1 319 10.000000 4 1.000000
3200=6 1 320 10.000000 4 1.000000
3750=1 10 3750
3250=1 10 3250
3690=6 1 369 10.000000 4 1.000000
3700=6 1 370 10.000000 4 1.000000
4190=6 1 419 10.000000 4 1.000000
4200=6 1 420 10.000000 4 1.000000
4250=1 10 4250
4690=6 1 469 10.000000 4 1.000000
4700=6 1 470 10.000000 4 1.000000
4750=1 10 4750
5190=6 1 519 10.000000 4 1.000000
5200=6 1 520 10.000000 4 1.000000
5250=1 10 5250
5690=6 1 569 10.000000 4 1.000000
5700=6 1 570 10.000000 4 1.000000
5750=1 10 5750
6190=6 1 619 10.000000 4 1.000000
6200=6 1 620 10.000000 4 1.000000
6250=1 10 6250
6690=6 1 669 10.000000 4 1.000000
6700=6 1 670 10.000000 4 1.000000
6750=1 10 6750
7190=6 1 719 10.000000 4 1.000000
7200=6 1 720 10.000000 4 1.000000
7250=1 10 7250
7690=6 1 769 10.000000 4 1.000000
7700=6 1 770 10.000000 4 1.000000
7750=1 10 7750
8250=1 10 8250
8750=1 10 8750
 
