1250=1 10.0 0 1
1750=1 10.0 0 1
2250=1 10.0 0 1
2750=1 10.0 0 1
3750=1 10.0 0 1
3250=1 10.0 0 1
4250=1 10.0 0 1
4750=1 10.0 0 1
5250=1 10.0 0 1
5750=1 10.0 0 1
6250=1 10.0 0 1
6750=1 10.0 0 1
7250=1 10.0 0 1
7750=1 10.0 0 1
8250=1 10.0 0 1
8750=1 10.0 0 1
9060=6 1.0 0 1
1120=7 1.0 0 1
1140=7 1.0 0 1
1160=7 1.0 0 1
1620=7 1.0 0 1
1640=7 1.0 0 1
1660=7 1.0 0 1
2120=7 1.0 0 1
2140=7 1.0 0 1
2160=7 1.0 0 1
2620=7 1.0 0 1
2640=7 1.0 0 1
2660=7 1.0 0 1
3120=7 1.0 0 1
3140=7 1.0 0 1
3160=7 1.0 0 1
3620=7 1.0 0 1
3640=7 1.0 0 1
3660=7 1.0 0 1
4120=7 1.0 0 1
4140=7 1.0 0 1
4160=7 1.0 0 1
4620=7 1.0 0 1
4640=7 1.0 0 1
4660=7 1.0 0 1
5120=7 1.0 0 1
5140=7 1.0 0 1
5160=7 1.0 0 1
5620=7 1.0 0 1
5640=7 1.0 0 1
5660=7 1.0 0 1
6120=7 1.0 0 1
6140=7 1.0 0 1
6160=7 1.0 0 1
6620=7 1.0 0 1
6640=7 1.0 0 1
6660=7 1.0 0 1
7120=7 1.0 0 1
7140=7 1.0 0 1
7160=7 1.0 0 1
7620=7 1.0 0 1
7640=7 1.0 0 1
7660=7 1.0 0 1
8120=7 1.0 0 1
8140=7 1.0 0 1
8160=7 1.0 0 1
8620=7 1.0 0 1
8640=7 1.0 0 1
8660=7 1.0 0 1
1060=7 1.0 0 1
1080=7 1.0 0 1
1100=7 1.0 0 1
1210=7 1.0 0 1
1220=7 1.0 0 1
1560=7 1.0 0 1
1580=7 1.0 0 1
1600=7 1.0 0 1
1710=7 1.0 0 1
1720=7 1.0 0 1
2060=7 1.0 0 1
2080=7 1.0 0 1
2100=7 1.0 0 1
2210=7 1.0 0 1
2220=7 1.0 0 1
2560=7 1.0 0 1
2580=7 1.0 0 1
2600=7 1.0 0 1
2710=7 1.0 0 1
2720=7 1.0 0 1
3060=7 1.0 0 1
3080=7 1.0 0 1
3100=7 1.0 0 1
3210=7 1.0 0 1
3220=7 1.0 0 1
3560=7 1.0 0 1
3580=7 1.0 0 1
3600=7 1.0 0 1
3710=7 1.0 0 1
3720=7 1.0 0 1
4060=7 1.0 0 1
4080=7 1.0 0 1
4100=7 1.0 0 1
4210=7 1.0 0 1
4220=7 1.0 0 1
4560=7 1.0 0 1
4580=7 1.0 0 1
4600=7 1.0 0 1
4710=7 1.0 0 1
4720=7 1.0 0 1
5060=7 1.0 0 1
5080=7 1.0 0 1
5100=7 1.0 0 1
5210=7 1.0 0 1
5220=7 1.0 0 1
5560=7 1.0 0 1
5580=7 1.0 0 1
5600=7 1.0 0 1
5710=7 1.0 0 1
5720=7 1.0 0 1
6060=7 1.0 0 1
6080=7 1.0 0 1
6100=7 1.0 0 1
6210=7 1.0 0 1
6220=7 1.0 0 1
6560=7 1.0 0 1
6580=7 1.0 0 1
6600=7 1.0 0 1
6710=7 1.0 0 1
6720=7 1.0 0 1
7060=7 1.0 0 1
7080=7 1.0 0 1
7100=7 1.0 0 1
7210=7 1.0 0 1
7220=7 1.0 0 1
7560=7 1.0 0 1
7580=7 1.0 0 1
7600=7 1.0 0 1
7710=7 1.0 0 1
7720=7 1.0 0 1
8060=7 1.0 0 1
8080=7 1.0 0 1
8100=7 1.0 0 1
8210=7 1.0 0 1
8220=7 1.0 0 1
8560=7 1.0 0 1
8580=7 1.0 0 1
8600=7 1.0 0 1
8710=7 1.0 0 1
8720=7 1.0 0 1
8190=7 1.0 0 1
8200=7 1.0 0 1
8690=7 1.0 0 1
8700=7 1.0 0 1
1180=7 1.0 0 1
1680=7 1.0 0 1
2180=7 1.0 0 1
2680=7 1.0 0 1
3180=7 1.0 0 1
3680=7 1.0 0 1
4180=7 1.0 0 1
4680=7 1.0 0 1
5180=7 1.0 0 1
5680=7 1.0 0 1
6180=7 1.0 0 1
6680=7 1.0 0 1
7180=7 1.0 0 1
7680=7 1.0 0 1
8180=7 1.0 0 1
8680=7 1.0 0 1
1190=7 1.0 0 1
1200=7 1.0 0 1
1690=7 1.0 0 1
1700=7 1.0 0 1
2190=7 1.0 0 1
2200=7 1.0 0 1
2690=7 1.0 0 1
2700=7 1.0 0 1
3190=7 1.0 0 1
3200=7 1.0 0 1
3690=7 1.0 0 1
3700=7 1.0 0 1
4190=7 1.0 0 1
4200=7 1.0 0 1
4690=7 1.0 0 1
4700=7 1.0 0 1
5190=7 1.0 0 1
5200=7 1.0 0 1
5690=7 1.0 0 1
5700=7 1.0 0 1
6190=7 1.0 0 1
6200=7 1.0 0 1
6690=7 1.0 0 1
6700=7 1.0 0 1
7190=7 1.0 0 1
7200=7 1.0 0 1
7690=7 1.0 0 1
7700=7 1.0 0 1
1160=12 1.0 0 1
